000000000000000000000000000000000000000000000000000000000000000000000000000000
000000000000000000000000000000000000000000000000000000000000000000000000000000
000000000000000000000000000000000000000000000000000000000000000000000000000000
000000000000000000000000000000000000000000000000000000000000000000000000000000
000000000000000000000000000000000000000000000000000000000000000000000000000000
000000000000000000000000000000000000000000000000000000000000000000000000000000
000000000000000000000000000000000000000000000000000000000000000000000000000000
000000000000000000000000000000000000000000000000000000000000000000000000000000
000000000000000000000000000000000000000000000000000000000000000000000000000000
000000000000000000000000000000000000000000000000000000000000000000000000000000
000000000000000000000000000000000000000000000000000000000000000000000000000000
000000000000000000000000000000000000000000000000000000000000000000000000000000
000000000000000000000000000000000000000110000000000000000000000000000000000000
000000000000000000000000000000000000001110000000000000000000000000000000000000
000000000000000000000000000000000000011111000000000000000000000000000000000000
000000000000000000000000000000000000111111100000000000000000000000000000000000
000000000000000000000000000000000000111111100000000000000000000000000000000000
000000000000000000000000000000000001111111110000000000000000000000000000000000
000000000000000000000000000000000001111111110000000000000000000000000000000000
000000000000000000000000000000000011111111111000000000000000000000000000000000
000000000000000000000000000000000011111111111000000000000000000000000000000000
000000000000000000000000000000000011111111111000000000000000000000000000000000
000000000000000000000000000000000111111111111100000000000000000000000000000000
000000000001111000000000000000000111111111111100000000000000000011110000000000
000000000001111111000000000000000111111111111100000000000000011111110000000000
000000000001111111110000000000000111111111111100000000000001111111110000000000
000000000001111111111100000000000111111111111110000000000111111111110000000000
000000000001111111111110000000001111111111111110000000001111111111110000000000
000000000000111111111111100000001111111111111110000000011111111111110000000000
000000000000111111111111110000001111111111111110000001111111111111100000000000
000000000000111111111111111000001111111111111110000011111111111111100000000000
000000000000111111111111111100001111111111111110000111111111111111100000000000
000000000000011111111111111110001111111111111110001111111111111111000000000000
000000000000011111111111111111001111111111111110001111111111111111000000000000
000000000000001111111111111111001111111111111110011111111111111111000000000000
000000000000000000000000000000000000000000000000000000000000000000000000000000
000000000000000000000000000000000000000000000000000000000000000000000000000000
000000000000000000000000000000000000000000000000000000000000000000000000000000
000000000000000011111111111111111111111111111111111111111111111000000000000000
000000000000000001111111111111111111111111111111111111111111111000000000000000
000000000000000000000000000000000000000000000000000000000000000000000000000000
000000000000000000000000000000000000000000000000000000000000000000000000000000
000000000000000000011111111111111111111111111111111111111111000000000000000000
000000000000000000001111111111111111111111111111111111111110000000000000000000
000000000000000000000000000000000000000000000000000000000000000000000000000000
000000000000000000000000000000000000000000000000000000000000000000000000000000
000000000000000000000000011111111110111111101111111111100000000000000000000000
000000000000000000000000001111111111011111101111111111000000000000000000000000
000000000000000000000000000111111111011111001111111100000000000000000000000000
000000000000000000000000000001111111001110001111110000000000000000000000000000
000000000000000000000000000000001111000100001110000000000000000000000000000000
000000000000000000000000000000000000000000000000000000000000000000000000000000
000000000000000000000000000000000000000000000000000000000000000000000000000000
000000000000000000000000000000000000000000000000000000000000000000000000000000
000000000000000000000000000000110011000000000110000000000000000000000000000000
000000000000000000000000000000110011000000000110000000000000000000000000000000
000000000000000000000000000000110011000000000110000000000000000000000000000000
000000000000000100000000001100110000000001100110000001000000000110000000000000
000000000000011111111000111111110011000111111110001111111110011111100000000000
000000000000111111111001111111110011001111111110011111111110111001110000000000
000000000001110000111011100001110011011100001110011000011110110000100000000000
000000000001100000111011000000110011011000000110111000001110111111000000000000
000000000001100000011011000000110011011000000110111000001110011111110000000000
000000000001100000111011000000110011011100000110111000001110000111110000000000
000000000001110000111011100001110011011100001110011000011110110000110000000000
000000000000111111111001111111110011001111111110011111111110111001110000000000
000000000000011111111000111111110011000111111110001111111110011111100000000000
000000000000000000000000000000000000000000000000000000000000000000000000000000
000000000000000000000000000000000000000000000000000000000000000000000000000000
000000000000000000000000000000000000000000000000000000000000000000000000000000
000000000000000000000000000000000000000000000000000000000000000000000000000000
000000000000000000000000000000000000000000000000000000000000000000000000000000
000000000000000000000000000000000000000000000000000000000000000000000000000000
000000000000000000000000000000000000000000000000000000000000000000000000000000
000000000000000000000000000000000000000000000000000000000000000000000000000000
000000000000000000000000000000000000000000000000000000000000000000000000000000
000000000000000000000000000000000000000000000000000000000000000000000000000000
000000000000000000000000000000000000000000000000000000000000000000000000000000
000000000000000000000000000000000000000000000000000000000000000000000000000000
